6067
900	623	0
900	37	0
911	37	0
922	37	0
933	37	0
933	623	0
944	37	0
944	623	0
955	598	0
955	559	0
955	36	0
955	641	0
966	598	0
977	559	0
984	36	0
901	641	0
902	623	0
902	688	0
903	37	0
903	688	0
904	623	0
904	37	0
904	688	0
905	37	0
905	688	0
906	37	0
906	688	0
907	37	0
907	688	0
908	623	0
908	37	0
908	688	0
909	37	0
909	688	0
910	623	0
910	688	0
912	688	0
913	688	0
914	623	0
914	37	0
914	688	0
915	623	0
915	37	0
915	688	0
916	623	0
916	37	0
916	688	0
917	37	0
917	688	0
918	37	0
918	688	0
919	623	0
919	37	0
919	688	0
920	37	0
920	688	0
921	37	0
921	688	0
923	37	0
923	688	0
923	678	0
924	37	0
924	678	0
925	623	0
925	678	0
926	623	0
926	678	0
927	678	0
928	678	0
929	623	0
929	37	0
929	678	0
930	623	0
930	37	0
930	678	0
931	37	0
931	678	0
932	623	0
932	37	0
932	678	0
934	623	0
934	37	0
934	678	0
935	37	0
935	688	0
935	678	0
936	678	0
937	678	0
938	623	0
938	678	0
939	37	0
939	678	0
939	688	0
940	37	0
940	678	0
940	688	0
941	678	0
941	688	0
942	37	0
942	678	0
943	37	0
943	678	0
945	678	0
945	688	0
946	678	0
946	688	0
947	678	0
947	688	0
948	623	0
948	37	0
948	688	0
948	678	0
949	623	0
949	37	0
949	678	0
950	37	0
950	678	0
950	688	0
951	623	0
951	732	0
952	732	0
953	732	0
954	732	0
954	688	0
956	732	0
956	688	0
957	623	0
957	732	0
957	688	0
958	623	0
958	732	0
958	688	0
959	732	0
959	688	0
960	37	0
960	678	0
960	732	0
961	37	0
961	678	0
961	732	0
962	37	0
962	732	0
963	37	0
963	732	0
963	623	0
964	623	0
964	37	0
964	688	0
964	732	0
965	623	0
965	37	0
965	688	0
965	732	0
967	37	0
967	688	0
967	732	0
968	37	0
968	688	0
968	732	0
969	623	0
969	37	0
969	732	0
970	37	0
970	732	0
971	691	0
972	623	0
972	688	0
972	691	0
973	623	0
973	688	0
973	691	0
974	623	0
974	688	0
974	691	0
975	623	0
975	688	0
975	21	0
976	688	0
976	21	0
978	623	0
978	688	0
978	21	0
979	688	0
979	21	0
980	651	0
981	668	0
981	559	0
981	36	0
981	641	0
982	8	0
983	746	0
983	688	0
896	900	7
896	933	7
894	902	7
899	904	7
899	905	7
899	908	7
895	923	7
894	925	7
894	926	7
894	927	7
898	942	7
897	946	7
898	958	7
1071	900	15
1071	911	15
1071	922	15
1071	933	15
1071	944	15
1071	955	15
1071	966	15
1071	977	15
1071	984	15
1071	901	15
1070	902	15
1070	903	15
1070	904	15
1070	907	15
1070	908	15
1070	909	15
1070	923	15
1070	925	15
1070	928	15
1071	946	15
1070	958	15
1070	972	15
704	900	20
709	911	20
710	913	20
711	946	20
712	926	20
713	909	20
714	903	20
715	904	20
716	951	20
705	925	20
706	923	20
707	902	20
708	908	20
1072	900	23
1083	911	23
1094	922	23
1105	933	23
1116	944	23
1127	955	23
1138	966	23
1149	977	23
1156	984	23
1073	901	23
1074	902	23
1075	903	23
1076	904	23
1077	905	23
1078	906	23
1079	907	23
1080	908	23
1081	909	23
1082	910	23
1084	912	23
1085	913	23
1086	914	23
1087	915	23
1088	916	23
1089	917	23
1090	918	23
1091	919	23
1092	920	23
1093	921	23
1095	923	23
1096	924	23
1097	925	23
1098	926	23
1099	927	23
1100	928	23
1101	929	23
1102	930	23
1103	931	23
1104	932	23
1106	934	23
1107	935	23
1108	936	23
1109	937	23
1110	938	23
1111	939	23
1112	940	23
1113	941	23
1114	942	23
1115	943	23
1117	945	23
1118	946	23
1119	947	23
1120	948	23
1121	949	23
1122	950	23
1123	951	23
1124	952	23
1125	953	23
1126	954	23
1128	956	23
1129	957	23
1130	958	23
1131	959	23
1132	960	23
1133	961	23
1134	962	23
1135	963	23
1136	964	23
1137	965	23
1139	967	23
1140	968	23
1141	969	23
1142	970	23
1143	971	23
1144	972	23
1145	973	23
1146	974	23
1147	975	23
1148	976	23
1150	978	23
1151	979	23
1152	980	23
1153	981	23
1154	982	23
1155	983	23
985	900	11
996	911	11
1007	922	11
1018	933	11
1029	944	11
1040	955	11
1051	966	11
1062	977	11
1069	984	11
986	901	11
987	902	11
988	903	11
989	904	11
990	905	11
991	906	11
992	907	11
993	908	11
994	909	11
995	910	11
997	912	11
998	913	11
999	914	11
1000	915	11
1001	916	11
1002	917	11
1003	918	11
1004	919	11
1005	920	11
1006	921	11
1008	923	11
1009	924	11
1010	925	11
1011	926	11
1012	927	11
1013	928	11
1014	929	11
1015	930	11
1016	931	11
1017	932	11
1019	934	11
1020	935	11
1021	936	11
1022	937	11
1023	938	11
1024	939	11
1025	940	11
1026	941	11
1027	942	11
1028	943	11
1030	945	11
1031	946	11
1032	947	11
1033	948	11
1034	949	11
1035	950	11
1036	951	11
1037	952	11
1038	953	11
1039	954	11
1041	956	11
1042	957	11
1043	958	11
1044	959	11
1045	960	11
1046	961	11
1047	962	11
1048	963	11
1049	964	11
1050	965	11
1052	967	11
1053	968	11
1054	969	11
1055	970	11
1056	971	11
1057	972	11
1058	973	11
1059	974	11
1060	975	11
1061	976	11
1063	978	11
1064	979	11
1065	980	11
1066	981	11
1067	982	11
1068	983	11
497	900	3
497	911	3
497	922	3
497	933	3
497	944	3
498	955	3
498	966	3
498	977	3
498	984	3
498	901	3
499	902	3
499	903	3
499	904	3
499	905	3
499	906	3
499	907	3
499	908	3
499	909	3
499	910	3
499	912	3
499	913	3
499	914	3
499	915	3
499	916	3
499	917	3
499	918	3
499	919	3
499	920	3
499	921	3
500	923	3
500	924	3
500	925	3
500	926	3
500	927	3
500	928	3
500	929	3
500	930	3
500	931	3
500	932	3
500	934	3
500	935	3
500	936	3
500	937	3
500	938	3
500	939	3
500	940	3
500	941	3
500	942	3
500	943	3
500	945	3
500	946	3
500	947	3
500	948	3
500	949	3
500	950	3
501	951	3
501	952	3
501	953	3
501	954	3
501	956	3
501	957	3
501	958	3
501	959	3
501	960	3
501	961	3
501	962	3
501	963	3
501	964	3
501	965	3
501	967	3
501	968	3
501	969	3
501	970	3
502	971	3
502	972	3
502	973	3
502	974	3
503	975	3
503	976	3
503	978	3
503	979	3
504	980	3
504	981	3
504	982	3
504	983	3
5	623	1
4	630	1
1	651	1
1	23	1
1	21	1
3	37	1
3	678	1
3	688	1
1	598	1
3	683	1
2	680	1
2	668	1
2	8	1
2	746	1
2	691	1
2	732	1
2	559	1
2	10	1
2	648	1
2	496	1
1	734	1
2	756	1
2	761	1
2	572	1
2	669	1
3	615	1
2	565	1
2	685	1
1	574	1
1	766	1
1	619	1
1	622	1
1	11	1
1	735	1
1	36	1
1	649	1
1	725	1
1	750	1
1	764	1
1	767	1
1	681	1
1	670	1
0	753	1
1	731	1
1	729	1
1	694	1
1	7	1
1	556	1
1	642	1
1	748	1
1	733	1
1	754	1
1	641	1
1	763	1
1	573	1
1	22	1
1	650	1
1	557	1
1	717	1
1	682	1
0	702	1
1	747	1
1	597	1
1	621	1
1	752	1
1	581	1
1	639	1
1	595	1
1	758	1
1	765	1
1	654	1
1	637	1
1	751	1
1	762	1
1	726	1
1	690	1
1	647	1
1	718	1
1	20	1
1	638	1
1	757	1
1	693	1
1	25	1
0	703	1
0	12	1
0	730	1
0	618	1
0	720	1
0	6	1
1	755	1
0	692	1
1	760	1
1	687	1
0	719	1
0	9	1
0	560	1
0	26	1
0	558	1
0	596	1
0	617	1
0	657	1
0	686	1
0	653	1
0	727	1
0	575	1
0	745	1
0	24	1
0	640	1
0	677	1
0	580	1
0	728	1
0	561	1
0	684	1
0	616	1
0	656	1
0	655	1
0	759	1
0	689	1
27	623	2
27	630	2
31	651	2
32	23	2
33	21	2
33	37	2
28	678	2
28	688	2
28	598	2
27	683	2
30	680	2
31	668	2
32	8	2
32	746	2
30	691	2
30	732	2
29	559	2
28	10	2
30	648	2
31	496	2
32	734	2
33	756	2
33	761	2
32	572	2
32	669	2
32	615	2
32	565	2
32	685	2
32	574	2
30	766	2
32	619	2
32	622	2
30	11	2
30	735	2
30	36	2
28	649	2
30	725	2
31	750	2
33	764	2
34	767	2
34	681	2
34	670	2
34	753	2
34	731	2
33	729	2
32	694	2
32	7	2
30	556	2
32	642	2
32	748	2
31	733	2
30	754	2
30	641	2
28	763	2
30	573	2
31	22	2
33	650	2
33	557	2
33	717	2
33	682	2
32	702	2
31	747	2
31	597	2
33	621	2
33	752	2
32	581	2
32	639	2
32	595	2
31	758	2
31	765	2
33	654	2
34	637	2
35	751	2
35	762	2
35	726	2
35	690	2
34	647	2
33	718	2
32	20	2
30	638	2
31	757	2
31	693	2
31	25	2
30	703	2
30	12	2
29	730	2
30	618	2
31	720	2
33	6	2
34	755	2
33	692	2
33	760	2
33	687	2
33	719	2
32	9	2
33	560	2
566	623	4
566	630	4
568	651	4
570	23	4
567	21	4
569	37	4
566	678	4
566	688	4
566	598	4
566	683	4
569	680	4
570	668	4
571	8	4
569	746	4
566	691	4
566	732	4
566	559	4
566	10	4
568	648	4
570	496	4
567	734	4
567	756	4
567	761	4
568	572	4
567	669	4
568	615	4
568	565	4
568	685	4
571	574	4
569	766	4
567	619	4
568	622	4
567	11	4
566	735	4
566	36	4
566	649	4
568	725	4
567	750	4
567	764	4
567	767	4
568	681	4
569	670	4
568	753	4
569	731	4
569	729	4
568	694	4
571	7	4
568	556	4
568	642	4
568	748	4
567	733	4
567	754	4
566	641	4
566	763	4
567	573	4
567	22	4
567	650	4
567	557	4
567	717	4
567	682	4
567	702	4
567	747	4
567	597	4
567	621	4
567	752	4
567	581	4
567	639	4
567	595	4
567	758	4
567	765	4
567	654	4
567	637	4
568	751	4
570	762	4
567	726	4
568	690	4
569	647	4
568	718	4
571	20	4
567	638	4
567	757	4
567	693	4
567	25	4
567	12	4
566	730	4
567	720	4
567	6	4
568	755	4
567	692	4
567	760	4
567	687	4
567	719	4
567	9	4
567	26	4
576	623	5
576	630	5
577	651	5
577	23	5
577	21	5
577	37	5
576	678	5
576	688	5
576	598	5
576	683	5
577	680	5
577	668	5
577	8	5
577	746	5
577	691	5
577	732	5
576	559	5
576	10	5
577	648	5
577	496	5
577	734	5
577	756	5
578	761	5
578	572	5
578	669	5
578	615	5
578	565	5
578	685	5
578	574	5
578	766	5
578	619	5
578	622	5
578	11	5
577	735	5
577	36	5
576	649	5
577	725	5
577	750	5
577	764	5
578	767	5
578	681	5
579	670	5
579	753	5
579	731	5
579	729	5
579	694	5
579	7	5
578	556	5
578	642	5
578	748	5
578	733	5
578	754	5
577	641	5
576	763	5
577	573	5
577	22	5
578	650	5
578	557	5
578	717	5
578	682	5
578	702	5
578	747	5
578	597	5
578	621	5
578	752	5
578	581	5
578	639	5
578	595	5
578	758	5
578	765	5
578	654	5
579	637	5
579	751	5
579	762	5
579	726	5
579	690	5
579	647	5
579	718	5
579	20	5
579	638	5
579	757	5
579	693	5
578	25	5
578	703	5
576	730	5
577	720	5
579	6	5
579	755	5
579	692	5
579	760	5
579	687	5
579	719	5
579	9	5
579	560	5
579	26	5
579	558	5
584	623	6
584	651	6
583	21	6
585	37	6
582	678	6
585	688	6
587	598	6
584	680	6
583	8	6
585	746	6
584	691	6
585	732	6
587	559	6
583	648	6
582	496	6
582	734	6
582	756	6
584	761	6
584	572	6
582	615	6
584	565	6
585	685	6
585	574	6
583	619	6
585	622	6
584	11	6
585	735	6
587	36	6
583	725	6
582	750	6
583	764	6
583	767	6
584	681	6
584	670	6
584	753	6
585	731	6
585	729	6
584	694	6
585	7	6
583	642	6
585	748	6
585	733	6
585	754	6
586	641	6
583	573	6
582	22	6
583	650	6
583	557	6
583	717	6
583	682	6
583	702	6
583	747	6
583	597	6
583	621	6
583	752	6
583	581	6
583	639	6
583	595	6
583	758	6
583	765	6
583	654	6
583	751	6
584	762	6
582	726	6
585	690	6
585	647	6
586	718	6
586	20	6
582	757	6
583	693	6
584	25	6
585	703	6
586	12	6
591	623	8
588	651	8
590	23	8
591	21	8
592	37	8
593	678	8
593	688	8
594	598	8
588	680	8
589	668	8
590	8	8
590	746	8
591	691	8
592	732	8
593	559	8
588	648	8
588	496	8
589	734	8
590	756	8
590	761	8
590	572	8
590	669	8
590	615	8
590	565	8
590	685	8
590	574	8
590	766	8
590	619	8
591	622	8
591	11	8
592	735	8
592	36	8
592	649	8
588	725	8
588	750	8
589	764	8
589	767	8
590	681	8
591	670	8
590	753	8
591	731	8
591	729	8
591	694	8
590	7	8
590	556	8
590	642	8
590	748	8
591	733	8
591	754	8
592	641	8
592	763	8
588	573	8
588	22	8
589	650	8
589	557	8
589	717	8
589	682	8
589	747	8
589	621	8
589	581	8
589	639	8
589	595	8
589	758	8
589	654	8
589	637	8
589	751	8
591	762	8
590	726	8
591	690	8
591	647	8
591	718	8
592	20	8
590	638	8
590	757	8
591	693	8
591	25	8
590	703	8
591	12	8
588	618	8
588	720	8
589	6	8
589	755	8
589	692	8
589	760	8
589	687	8
589	719	8
589	9	8
589	560	8
589	26	8
589	558	8
589	596	8
589	617	8
589	657	8
589	686	8
599	623	10
606	630	10
599	651	10
607	23	10
608	21	10
609	37	10
610	678	10
611	688	10
612	598	10
606	683	10
599	680	10
607	668	10
608	8	10
609	746	10
610	691	10
611	732	10
612	559	10
606	10	10
599	648	10
607	496	10
600	734	10
601	756	10
602	761	10
603	572	10
604	669	10
605	615	10
605	565	10
605	685	10
613	574	10
614	766	10
608	619	10
609	622	10
610	11	10
611	735	10
612	36	10
606	649	10
599	725	10
607	750	10
600	764	10
601	767	10
602	681	10
603	670	10
604	753	10
605	731	10
605	729	10
605	694	10
613	7	10
614	556	10
608	642	10
609	748	10
610	733	10
611	754	10
612	641	10
606	763	10
599	573	10
607	22	10
600	650	10
600	557	10
600	717	10
600	682	10
600	702	10
600	747	10
600	597	10
600	621	10
600	752	10
600	581	10
600	639	10
600	595	10
600	758	10
600	765	10
600	654	10
601	637	10
602	751	10
603	762	10
604	726	10
605	690	10
605	647	10
605	718	10
613	20	10
614	638	10
608	757	10
609	693	10
610	25	10
611	703	10
612	12	10
606	730	10
599	618	10
607	720	10
600	6	10
600	755	10
600	692	10
600	760	10
600	687	10
600	719	10
600	9	10
600	560	10
600	26	10
600	558	10
600	596	10
600	617	10
600	657	10
600	686	10
600	653	10
601	727	10
602	575	10
603	745	10
604	24	10
605	640	10
605	677	10
605	580	10
613	728	10
614	561	10
608	684	10
609	616	10
610	656	10
611	655	10
612	759	10
606	689	10
627	23	13
624	680	13
626	668	13
626	8	13
624	648	13
626	496	13
627	734	13
627	756	13
627	761	13
628	572	13
626	669	13
626	615	13
627	565	13
627	685	13
627	574	13
626	766	13
625	619	13
628	11	13
627	735	13
624	725	13
627	764	13
627	767	13
627	681	13
628	670	13
629	731	13
628	729	13
625	694	13
625	7	13
626	556	13
624	642	13
625	748	13
626	733	13
626	754	13
624	573	13
626	650	13
626	557	13
626	717	13
626	682	13
626	747	13
627	752	13
626	581	13
627	639	13
627	595	13
626	758	13
626	765	13
627	654	13
628	637	13
627	751	13
629	762	13
628	726	13
629	690	13
628	647	13
626	718	13
625	20	13
625	757	13
625	693	13
625	25	13
626	755	13
629	760	13
629	687	13
636	623	14
636	630	14
636	651	14
635	23	14
635	21	14
634	37	14
635	678	14
634	688	14
634	598	14
635	683	14
635	680	14
635	668	14
634	8	14
634	746	14
634	691	14
634	732	14
633	559	14
634	10	14
634	648	14
634	496	14
634	734	14
634	756	14
633	761	14
633	572	14
633	669	14
633	615	14
633	565	14
633	685	14
633	574	14
633	766	14
633	619	14
633	622	14
633	11	14
633	735	14
634	36	14
633	649	14
633	725	14
633	750	14
633	764	14
633	767	14
633	681	14
633	670	14
631	753	14
633	731	14
633	729	14
633	694	14
633	7	14
633	556	14
633	642	14
633	748	14
633	733	14
633	754	14
633	641	14
632	763	14
633	573	14
633	22	14
632	650	14
632	557	14
632	717	14
632	682	14
632	747	14
632	597	14
633	621	14
632	752	14
632	581	14
632	639	14
632	595	14
632	758	14
632	765	14
632	654	14
632	637	14
632	751	14
632	762	14
632	726	14
632	690	14
632	647	14
632	718	14
632	20	14
632	638	14
632	757	14
632	693	14
632	25	14
631	730	14
631	720	14
632	6	14
632	755	14
631	692	14
632	760	14
632	687	14
645	623	16
646	630	16
644	651	16
644	23	16
644	21	16
645	37	16
645	678	16
645	688	16
645	598	16
646	683	16
643	680	16
644	668	16
644	8	16
644	746	16
645	691	16
644	732	16
645	559	16
645	10	16
643	648	16
644	496	16
644	734	16
644	756	16
644	761	16
644	572	16
644	669	16
644	615	16
644	565	16
644	685	16
644	574	16
644	766	16
644	619	16
644	622	16
644	11	16
644	735	16
645	36	16
645	649	16
643	725	16
644	750	16
644	764	16
644	767	16
644	681	16
644	670	16
644	753	16
644	731	16
644	729	16
644	694	16
644	7	16
644	556	16
644	642	16
644	748	16
644	733	16
644	754	16
645	641	16
645	763	16
643	573	16
644	22	16
644	650	16
644	557	16
644	717	16
644	682	16
644	702	16
644	747	16
644	597	16
644	621	16
644	752	16
644	581	16
644	639	16
644	595	16
644	758	16
644	765	16
644	654	16
644	637	16
644	751	16
644	762	16
644	726	16
644	690	16
644	647	16
644	718	16
644	20	16
645	638	16
644	757	16
644	693	16
644	25	16
644	703	16
644	12	16
645	730	16
643	618	16
644	720	16
643	6	16
644	755	16
644	692	16
644	760	16
644	687	16
644	719	16
644	9	16
644	560	16
644	26	16
644	558	16
644	596	16
644	617	16
644	657	16
644	686	16
643	653	16
644	727	16
658	623	17
663	651	17
665	23	17
667	21	17
659	37	17
658	678	17
658	688	17
658	598	17
658	683	17
662	680	17
664	668	17
664	8	17
665	746	17
662	691	17
663	732	17
660	559	17
660	10	17
662	648	17
664	496	17
666	734	17
666	756	17
666	761	17
666	572	17
665	669	17
666	615	17
665	565	17
665	685	17
665	574	17
663	766	17
662	619	17
664	622	17
664	11	17
663	735	17
661	36	17
660	649	17
662	725	17
664	750	17
666	764	17
666	767	17
667	681	17
667	670	17
667	753	17
667	731	17
666	729	17
666	694	17
664	7	17
663	556	17
663	642	17
663	748	17
664	733	17
663	754	17
663	641	17
660	763	17
662	573	17
664	22	17
664	650	17
664	557	17
664	717	17
665	682	17
665	702	17
665	747	17
664	597	17
665	621	17
665	752	17
665	581	17
665	639	17
665	595	17
666	758	17
664	765	17
666	654	17
667	637	17
659	751	17
659	762	17
659	726	17
659	690	17
667	647	17
666	718	17
665	20	17
661	638	17
663	757	17
663	693	17
663	25	17
663	703	17
663	12	17
661	730	17
662	618	17
664	720	17
665	6	17
666	755	17
666	692	17
665	760	17
665	687	17
664	719	17
665	9	17
665	560	17
665	26	17
664	558	17
664	596	17
665	617	17
664	657	17
664	686	17
666	653	17
672	651	18
674	23	18
676	21	18
672	37	18
671	680	18
672	668	18
673	8	18
673	746	18
672	691	18
671	732	18
671	559	18
671	648	18
672	496	18
673	734	18
674	756	18
674	761	18
674	572	18
674	669	18
674	615	18
674	565	18
674	685	18
674	574	18
673	766	18
672	11	18
671	735	18
671	36	18
671	725	18
672	764	18
674	681	18
675	670	18
675	731	18
676	729	18
674	694	18
673	7	18
672	556	18
673	748	18
672	733	18
673	754	18
671	641	18
671	573	18
671	22	18
672	650	18
672	557	18
672	717	18
672	682	18
672	702	18
672	747	18
671	597	18
672	621	18
672	752	18
672	581	18
672	639	18
672	595	18
672	758	18
672	765	18
672	654	18
674	637	18
674	751	18
676	762	18
676	726	18
676	647	18
675	718	18
675	20	18
672	638	18
672	757	18
672	693	18
672	25	18
673	755	18
673	760	18
673	687	18
695	623	19
695	630	19
696	651	19
696	23	19
696	21	19
696	37	19
696	678	19
696	688	19
696	598	19
696	683	19
697	680	19
697	668	19
697	8	19
697	746	19
697	691	19
697	732	19
697	559	19
697	10	19
698	648	19
698	496	19
698	734	19
698	756	19
698	761	19
698	572	19
698	669	19
698	615	19
698	565	19
698	685	19
698	574	19
698	766	19
698	619	19
698	622	19
698	11	19
698	735	19
698	36	19
698	649	19
699	725	19
699	750	19
699	764	19
699	767	19
699	681	19
699	670	19
699	753	19
699	731	19
699	729	19
699	694	19
699	7	19
699	556	19
699	642	19
699	748	19
699	733	19
699	754	19
699	641	19
699	763	19
700	573	19
700	22	19
700	650	19
700	557	19
700	717	19
700	682	19
700	702	19
700	747	19
700	597	19
700	621	19
700	752	19
700	581	19
700	639	19
700	595	19
700	758	19
700	765	19
700	654	19
700	637	19
700	751	19
700	762	19
700	726	19
700	690	19
700	647	19
700	718	19
700	20	19
700	638	19
700	757	19
700	693	19
700	25	19
700	703	19
700	12	19
700	730	19
701	618	19
701	720	19
701	6	19
701	755	19
701	692	19
701	760	19
701	687	19
701	719	19
701	9	19
701	560	19
701	26	19
701	558	19
701	596	19
701	617	19
701	657	19
701	686	19
701	653	19
701	727	19
701	575	19
701	745	19
701	24	19
701	640	19
701	677	19
701	580	19
701	728	19
701	561	19
701	684	19
701	616	19
701	656	19
701	655	19
701	759	19
701	689	19
721	623	21
721	630	21
723	651	21
722	23	21
721	21	21
721	37	21
721	678	21
721	688	21
721	598	21
721	683	21
723	680	21
722	668	21
722	8	21
722	746	21
721	691	21
721	732	21
721	559	21
721	10	21
724	648	21
723	496	21
723	734	21
723	756	21
723	761	21
723	572	21
723	669	21
723	615	21
723	565	21
722	685	21
722	574	21
722	766	21
722	619	21
722	622	21
722	11	21
722	735	21
721	36	21
721	649	21
724	725	21
724	750	21
724	764	21
724	767	21
723	681	21
723	670	21
723	753	21
723	731	21
723	729	21
723	694	21
723	7	21
723	556	21
723	642	21
722	748	21
722	733	21
722	754	21
722	641	21
722	763	21
724	573	21
724	22	21
724	717	21
724	682	21
724	702	21
724	747	21
724	597	21
724	621	21
724	752	21
724	581	21
724	639	21
724	595	21
724	758	21
724	765	21
724	654	21
724	637	21
723	751	21
723	762	21
723	726	21
723	690	21
723	647	21
723	718	21
723	20	21
723	638	21
723	757	21
723	693	21
722	25	21
722	703	21
722	12	21
722	730	21
736	623	22
737	630	22
738	651	22
739	23	22
740	21	22
736	37	22
736	678	22
736	688	22
736	598	22
737	683	22
738	680	22
739	668	22
741	8	22
740	746	22
736	691	22
736	732	22
736	559	22
737	10	22
738	648	22
739	496	22
742	734	22
742	756	22
742	761	22
742	572	22
742	669	22
742	615	22
742	565	22
742	685	22
742	574	22
742	766	22
741	619	22
740	622	22
740	11	22
736	735	22
736	36	22
737	649	22
738	725	22
739	750	22
742	764	22
742	767	22
742	681	22
742	670	22
742	753	22
742	731	22
742	729	22
742	694	22
742	7	22
742	556	22
741	642	22
741	748	22
740	733	22
740	754	22
736	641	22
737	763	22
738	573	22
739	22	22
743	650	22
743	557	22
743	717	22
743	682	22
743	702	22
743	747	22
743	597	22
743	621	22
743	752	22
743	581	22
743	639	22
743	595	22
743	758	22
743	765	22
743	654	22
742	637	22
742	751	22
742	762	22
742	726	22
742	690	22
742	647	22
742	718	22
742	20	22
742	638	22
741	757	22
741	693	22
741	25	22
741	703	22
740	12	22
737	730	22
738	618	22
739	720	22
744	6	22
744	755	22
744	692	22
744	760	22
744	687	22
744	719	22
744	9	22
744	560	22
744	26	22
744	558	22
744	596	22
744	617	22
744	657	22
744	686	22
744	653	22
742	727	22
742	575	22
742	745	22
742	24	22
742	640	22
749	623	24
652	630	24
749	651	24
749	23	24
749	21	24
749	37	24
749	678	24
749	688	24
749	598	24
749	683	24
749	680	24
749	668	24
749	8	24
749	746	24
749	691	24
749	732	24
749	559	24
749	10	24
749	648	24
749	496	24
749	734	24
749	756	24
749	761	24
749	572	24
749	669	24
749	615	24
749	565	24
749	685	24
749	574	24
749	766	24
749	619	24
749	622	24
749	11	24
749	735	24
749	36	24
749	649	24
749	725	24
749	750	24
749	764	24
749	767	24
749	681	24
749	670	24
749	753	24
749	731	24
749	729	24
749	694	24
749	7	24
749	556	24
749	642	24
749	748	24
749	733	24
749	754	24
749	641	24
620	763	24
749	573	24
749	22	24
749	650	24
749	557	24
749	717	24
749	682	24
749	702	24
749	747	24
749	597	24
749	621	24
749	752	24
749	581	24
749	639	24
749	595	24
749	758	24
749	765	24
749	654	24
749	637	24
749	751	24
749	762	24
749	726	24
749	690	24
749	647	24
749	718	24
749	20	24
652	638	24
749	757	24
749	693	24
749	25	24
749	703	24
749	12	24
620	730	24
749	618	24
749	720	24
749	6	24
749	755	24
749	692	24
749	760	24
749	687	24
749	719	24
749	9	24
749	560	24
749	26	24
749	558	24
749	596	24
749	617	24
749	657	24
749	686	24
749	653	24
13	623	25
13	630	25
13	651	25
13	23	25
14	21	25
14	37	25
14	678	25
14	688	25
14	598	25
14	683	25
14	680	25
14	668	25
14	8	25
14	746	25
14	691	25
14	732	25
14	559	25
14	10	25
14	648	25
14	496	25
14	734	25
14	756	25
15	761	25
15	572	25
15	669	25
15	615	25
15	565	25
15	685	25
15	574	25
15	766	25
15	619	25
15	622	25
15	11	25
15	735	25
15	36	25
15	649	25
15	725	25
15	750	25
15	764	25
15	767	25
15	681	25
15	670	25
15	753	25
16	731	25
16	729	25
16	694	25
16	7	25
16	556	25
16	642	25
16	748	25
16	733	25
16	754	25
16	641	25
16	763	25
16	573	25
16	22	25
16	650	25
16	557	25
16	717	25
16	682	25
16	702	25
17	747	25
17	597	25
17	621	25
17	752	25
17	581	25
17	639	25
17	595	25
17	758	25
17	765	25
17	654	25
17	637	25
17	751	25
17	762	25
17	726	25
17	690	25
17	647	25
17	718	25
17	20	25
18	638	25
18	757	25
18	693	25
18	25	25
18	703	25
18	12	25
18	730	25
18	618	25
18	720	25
18	6	25
18	755	25
18	692	25
18	760	25
18	687	25
18	719	25
18	9	25
18	560	25
18	26	25
19	558	25
19	596	25
19	617	25
19	657	25
19	686	25
19	653	25
19	727	25
19	575	25
19	745	25
19	24	25
19	640	25
19	677	25
19	580	25
19	728	25
19	561	25
19	684	25
19	616	25
19	656	25
19	655	25
19	759	25
19	689	25
900	416	12
933	416	12
903	416	12
913	416	12
923	416	12
37	416	9
678	416	9
688	416	9
623	416	9
900	474	12
977	474	12
37	474	9
559	474	9
732	474	9
688	474	9
623	474	9
900	160	12
911	160	12
37	160	9
623	160	9
900	409	12
37	409	9
678	409	9
623	409	9
900	292	12
902	292	12
37	292	9
688	292	9
623	292	9
900	511	12
933	511	12
902	511	12
37	511	9
688	511	9
623	511	9
900	158	12
37	158	9
623	158	9
900	237	12
902	237	12
37	237	9
688	237	9
623	237	9
900	487	12
37	487	9
623	487	9
900	393	12
902	393	12
37	393	9
688	393	9
623	393	9
955	44	12
984	44	12
37	44	9
36	44	9
623	44	9
900	391	12
902	391	12
37	391	9
688	391	9
623	391	9
900	406	12
949	406	12
37	406	9
678	406	9
623	406	9
900	251	12
903	251	12
909	251	12
913	251	12
37	251	9
688	251	9
623	251	9
933	856	12
951	856	12
37	856	9
732	856	9
623	856	9
900	126	12
911	126	12
902	126	12
37	126	9
688	126	9
623	126	9
37	871	9
623	871	9
900	383	12
933	383	12
913	383	12
37	383	9
688	383	9
623	383	9
933	815	12
955	815	12
984	815	12
902	815	12
37	815	9
36	815	9
688	815	9
623	815	9
900	236	12
37	236	9
623	236	9
900	139	12
903	139	12
909	139	12
913	139	12
37	139	9
688	139	9
623	139	9
900	380	12
913	380	12
952	380	12
37	380	9
691	380	9
732	380	9
688	380	9
623	380	9
902	89	12
37	89	9
688	89	9
623	89	9
900	434	12
903	434	12
909	434	12
913	434	12
37	434	9
688	434	9
623	434	9
933	838	12
942	838	12
37	838	9
678	838	9
623	838	9
900	246	12
942	246	12
37	246	9
678	246	9
623	246	9
900	150	12
902	150	12
37	150	9
688	150	9
623	150	9
900	157	12
903	157	12
37	157	9
688	157	9
623	157	9
900	224	12
903	224	12
904	224	12
37	224	9
688	224	9
623	224	9
900	419	12
903	419	12
37	419	9
678	419	9
688	419	9
623	419	9
900	521	12
933	521	12
37	521	9
623	521	9
911	109	12
37	109	9
623	109	9
900	535	12
933	535	12
902	535	12
903	535	12
908	535	12
925	535	12
927	535	12
37	535	9
678	535	9
688	535	9
623	535	9
900	418	12
933	418	12
903	418	12
923	418	12
37	418	9
678	418	9
688	418	9
623	418	9
900	355	12
925	355	12
927	355	12
37	355	9
678	355	9
623	355	9
900	152	12
933	152	12
902	152	12
37	152	9
688	152	9
623	152	9
900	170	12
903	170	12
909	170	12
913	170	12
37	170	9
688	170	9
623	170	9
900	285	12
902	285	12
37	285	9
688	285	9
623	285	9
900	215	12
903	215	12
909	215	12
913	215	12
37	215	9
688	215	9
623	215	9
900	280	12
37	280	9
623	280	9
900	135	12
903	135	12
923	135	12
37	135	9
678	135	9
688	135	9
623	135	9
900	277	12
911	277	12
37	277	9
623	277	9
902	884	12
37	884	9
688	884	9
623	884	9
933	795	12
955	795	12
977	795	12
37	795	9
559	795	9
623	795	9
902	73	12
37	73	9
688	73	9
623	73	9
900	233	12
903	233	12
909	233	12
913	233	12
37	233	9
688	233	9
623	233	9
933	829	12
902	829	12
903	829	12
904	829	12
37	829	9
688	829	9
623	829	9
925	97	12
927	97	12
37	97	9
678	97	9
623	97	9
900	331	12
925	331	12
927	331	12
37	331	9
678	331	9
623	331	9
933	851	12
925	851	12
926	851	12
927	851	12
37	851	9
678	851	9
623	851	9
955	68	12
966	68	12
37	68	9
598	68	9
900	389	12
902	389	12
37	389	9
688	389	9
623	389	9
933	835	12
955	835	12
901	835	12
902	835	12
37	835	9
641	835	9
688	835	9
623	835	9
900	467	12
933	467	12
902	467	12
913	467	12
37	467	9
688	467	9
623	467	9
900	208	12
922	208	12
37	208	9
623	208	9
933	840	12
955	840	12
966	840	12
37	840	9
598	840	9
623	840	9
925	679	12
926	679	12
927	679	12
678	679	9
623	679	9
900	548	12
949	548	12
37	548	9
678	548	9
623	548	9
900	356	12
955	356	12
977	356	12
925	356	12
927	356	12
37	356	9
678	356	9
559	356	9
623	356	9
955	875	12
977	875	12
913	875	12
37	875	9
559	875	9
688	875	9
623	875	9
900	287	12
925	287	12
926	287	12
927	287	12
37	287	9
678	287	9
623	287	9
927	678	12
678	678	9
623	678	9
933	828	12
955	828	12
966	828	12
37	828	9
598	828	9
623	828	9
900	438	12
933	438	12
902	438	12
903	438	12
909	438	12
913	438	12
37	438	9
688	438	9
623	438	9
900	307	12
933	307	12
944	307	12
37	307	9
623	307	9
900	191	12
955	191	12
966	191	12
37	191	9
598	191	9
623	191	9
933	863	12
955	863	12
977	863	12
925	863	12
926	863	12
927	863	12
949	863	12
37	863	9
678	863	9
559	863	9
688	863	9
623	863	9
911	108	12
37	108	9
623	108	9
900	414	12
927	414	12
37	414	9
678	414	9
623	414	9
900	260	12
903	260	12
923	260	12
37	260	9
678	260	9
688	260	9
623	260	9
900	175	12
913	175	12
927	175	12
941	175	12
37	175	9
678	175	9
688	175	9
623	175	9
902	870	12
903	870	12
925	870	12
927	870	12
37	870	9
678	870	9
688	870	9
623	870	9
902	62	12
913	62	12
927	62	12
941	62	12
37	62	9
678	62	9
688	62	9
623	62	9
900	270	12
903	270	12
37	270	9
688	270	9
623	270	9
900	426	12
925	426	12
927	426	12
37	426	9
678	426	9
623	426	9
900	352	12
925	352	12
926	352	12
927	352	12
37	352	9
678	352	9
623	352	9
911	79	12
37	79	9
623	79	9
37	872	9
623	872	9
900	190	12
955	190	12
977	190	12
37	190	9
559	190	9
623	190	9
900	466	12
933	466	12
902	466	12
913	466	12
37	466	9
688	466	9
623	466	9
37	826	9
623	826	9
900	279	12
955	279	12
984	279	12
37	279	9
36	279	9
623	279	9
933	846	12
944	846	12
902	846	12
37	846	9
688	846	9
623	846	9
955	777	12
984	777	12
37	777	9
678	777	9
36	777	9
688	777	9
623	777	9
900	226	12
37	226	9
623	226	9
900	410	12
955	410	12
977	410	12
37	410	9
559	410	9
623	410	9
900	162	12
955	162	12
984	162	12
37	162	9
36	162	9
623	162	9
900	186	12
952	186	12
37	186	9
732	186	9
623	186	9
900	268	12
37	268	9
623	268	9
37	891	9
678	891	9
623	891	9
955	823	12
977	823	12
913	823	12
37	823	9
559	823	9
688	823	9
623	823	9
900	396	12
955	396	12
984	396	12
37	396	9
678	396	9
36	396	9
688	396	9
623	396	9
955	71	12
901	71	12
37	71	9
641	71	9
623	71	9
900	328	12
903	328	12
952	328	12
967	328	12
37	328	9
678	328	9
732	328	9
688	328	9
623	328	9
900	495	12
927	495	12
946	495	12
37	495	9
678	495	9
688	495	9
623	495	9
900	360	12
913	360	12
37	360	9
688	360	9
623	360	9
900	444	12
955	444	12
977	444	12
913	444	12
917	444	12
918	444	12
919	444	12
37	444	9
559	444	9
688	444	9
623	444	9
900	155	12
37	155	9
623	155	9
900	164	12
902	164	12
903	164	12
908	164	12
37	164	9
688	164	9
623	164	9
900	374	12
911	374	12
933	374	12
955	374	12
977	374	12
913	374	12
37	374	9
691	374	9
559	374	9
688	374	9
623	374	9
900	325	12
955	325	12
977	325	12
37	325	9
559	325	9
623	325	9
900	341	12
952	341	12
37	341	9
732	341	9
623	341	9
900	344	12
902	344	12
37	344	9
688	344	9
623	344	9
900	119	12
942	119	12
37	119	9
678	119	9
623	119	9
900	423	12
933	423	12
955	423	12
966	423	12
927	423	12
37	423	9
678	423	9
598	423	9
623	423	9
955	770	12
966	770	12
977	770	12
913	770	12
37	770	9
598	770	9
559	770	9
688	770	9
623	770	9
911	110	12
37	110	9
623	110	9
900	531	12
933	531	12
37	531	9
623	531	9
900	137	12
903	137	12
909	137	12
913	137	12
37	137	9
688	137	9
623	137	9
900	446	12
933	446	12
913	446	12
917	446	12
918	446	12
919	446	12
37	446	9
688	446	9
623	446	9
900	366	12
933	366	12
903	366	12
909	366	12
913	366	12
37	366	9
688	366	9
623	366	9
900	340	12
951	340	12
37	340	9
732	340	9
623	340	9
900	259	12
903	259	12
37	259	9
688	259	9
623	259	9
900	195	12
903	195	12
909	195	12
913	195	12
950	195	12
37	195	9
678	195	9
688	195	9
623	195	9
933	842	12
944	842	12
955	842	12
984	842	12
37	842	9
36	842	9
623	842	9
900	263	12
903	263	12
909	263	12
913	263	12
37	263	9
688	263	9
623	263	9
900	333	12
913	333	12
37	333	9
688	333	9
623	333	9
900	427	12
913	427	12
927	427	12
37	427	9
678	427	9
688	427	9
623	427	9
933	805	12
902	805	12
942	805	12
37	805	9
678	805	9
688	805	9
623	805	9
933	798	12
955	798	12
977	798	12
37	798	9
559	798	9
623	798	9
900	349	12
933	349	12
944	349	12
37	349	9
623	349	9
900	564	12
37	564	9
678	564	9
688	564	9
623	564	9
900	428	12
925	428	12
927	428	12
37	428	9
678	428	9
623	428	9
911	40	12
955	40	12
966	40	12
37	40	9
598	40	9
933	816	12
955	816	12
977	816	12
902	816	12
37	816	9
559	816	9
688	816	9
623	816	9
925	93	12
927	93	12
37	93	9
678	93	9
623	93	9
37	879	9
623	879	9
900	412	12
955	412	12
901	412	12
37	412	9
641	412	9
623	412	9
900	460	12
933	460	12
955	460	12
977	460	12
902	460	12
913	460	12
37	460	9
559	460	9
688	460	9
623	460	9
911	41	12
955	41	12
977	41	12
37	41	9
559	41	9
623	41	9
900	244	12
37	244	9
623	244	9
900	228	12
942	228	12
37	228	9
678	228	9
623	228	9
955	769	12
966	769	12
984	769	12
37	769	9
36	769	9
598	769	9
900	177	12
37	177	9
678	177	9
623	177	9
900	394	12
913	394	12
927	394	12
941	394	12
37	394	9
678	394	9
688	394	9
623	394	9
933	860	12
955	860	12
977	860	12
37	860	9
559	860	9
623	860	9
933	859	12
955	859	12
977	859	12
37	859	9
559	859	9
623	859	9
900	388	12
37	388	9
623	388	9
900	492	12
902	492	12
37	492	9
688	492	9
623	492	9
913	95	12
37	95	9
688	95	9
623	95	9
37	81	9
623	81	9
933	785	12
955	785	12
977	785	12
37	785	9
559	785	9
623	785	9
911	106	12
955	106	12
977	106	12
37	106	9
559	106	9
623	106	9
900	171	12
902	171	12
37	171	9
688	171	9
623	171	9
900	335	12
903	335	12
909	335	12
913	335	12
37	335	9
688	335	9
623	335	9
955	46	12
977	46	12
37	46	9
559	46	9
900	478	12
933	478	12
952	478	12
37	478	9
732	478	9
623	478	9
900	405	12
933	405	12
944	405	12
902	405	12
37	405	9
688	405	9
623	405	9
900	149	12
955	149	12
977	149	12
37	149	9
559	149	9
623	149	9
900	122	12
911	122	12
37	122	9
623	122	9
900	524	12
933	524	12
37	524	9
623	524	9
900	563	12
37	563	9
678	563	9
623	563	9
902	60	12
37	60	9
688	60	9
623	60	9
933	830	12
955	830	12
977	830	12
37	830	9
559	830	9
623	830	9
955	776	12
977	776	12
37	776	9
678	776	9
559	776	9
688	776	9
623	776	9
900	337	12
903	337	12
909	337	12
913	337	12
37	337	9
688	337	9
623	337	9
955	876	12
977	876	12
913	876	12
37	876	9
559	876	9
688	876	9
623	876	9
900	261	12
902	261	12
903	261	12
908	261	12
37	261	9
688	261	9
623	261	9
900	363	12
903	363	12
909	363	12
913	363	12
37	363	9
688	363	9
623	363	9
900	552	12
949	552	12
37	552	9
678	552	9
623	552	9
911	88	12
37	88	9
623	88	9
900	425	12
927	425	12
37	425	9
678	425	9
623	425	9
933	799	12
955	799	12
977	799	12
37	799	9
559	799	9
623	799	9
911	77	12
903	77	12
37	77	9
688	77	9
623	77	9
900	437	12
955	437	12
977	437	12
903	437	12
909	437	12
913	437	12
37	437	9
559	437	9
688	437	9
623	437	9
900	242	12
903	242	12
904	242	12
37	242	9
688	242	9
623	242	9
900	403	12
933	403	12
944	403	12
37	403	9
623	403	9
911	39	12
955	39	12
977	39	12
37	39	9
559	39	9
623	39	9
900	353	12
927	353	12
37	353	9
678	353	9
623	353	9
955	822	12
977	822	12
913	822	12
37	822	9
559	822	9
688	822	9
623	822	9
900	554	12
949	554	12
37	554	9
678	554	9
623	554	9
37	771	9
678	771	9
688	771	9
933	841	12
903	841	12
904	841	12
37	841	9
688	841	9
623	841	9
955	888	12
977	888	12
949	888	12
37	888	9
678	888	9
559	888	9
623	888	9
911	111	12
955	111	12
977	111	12
37	111	9
559	111	9
623	111	9
900	522	12
933	522	12
903	522	12
37	522	9
688	522	9
623	522	9
903	115	12
37	115	9
688	115	9
623	115	9
900	544	12
933	544	12
955	544	12
977	544	12
37	544	9
559	544	9
623	544	9
900	134	12
903	134	12
923	134	12
37	134	9
678	134	9
688	134	9
623	134	9
900	193	12
913	193	12
917	193	12
918	193	12
919	193	12
37	193	9
688	193	9
623	193	9
900	324	12
933	324	12
944	324	12
37	324	9
623	324	9
900	422	12
933	422	12
927	422	12
37	422	9
678	422	9
623	422	9
900	182	12
913	182	12
37	182	9
688	182	9
623	182	9
955	775	12
977	775	12
913	775	12
37	775	9
559	775	9
688	775	9
933	774	12
955	774	12
977	774	12
37	774	9
559	774	9
955	50	12
977	50	12
37	50	9
559	50	9
623	50	9
900	430	12
933	430	12
925	430	12
927	430	12
37	430	9
678	430	9
623	430	9
900	183	12
903	183	12
909	183	12
913	183	12
37	183	9
688	183	9
623	183	9
933	887	12
37	887	9
623	887	9
933	790	12
955	790	12
977	790	12
37	790	9
559	790	9
623	790	9
900	381	12
933	381	12
955	381	12
977	381	12
913	381	12
952	381	12
37	381	9
559	381	9
732	381	9
691	381	9
688	381	9
623	381	9
900	456	12
913	456	12
952	456	12
37	456	9
732	456	9
691	456	9
678	456	9
688	456	9
623	456	9
955	874	12
977	874	12
913	874	12
37	874	9
559	874	9
688	874	9
623	874	9
900	121	12
911	121	12
37	121	9
623	121	9
900	254	12
911	254	12
37	254	9
623	254	9
732	732	9
623	732	9
900	370	12
913	370	12
37	370	9
688	370	9
623	370	9
900	358	12
925	358	12
927	358	12
952	358	12
37	358	9
678	358	9
732	358	9
623	358	9
900	315	12
933	315	12
902	315	12
903	315	12
909	315	12
913	315	12
37	315	9
688	315	9
623	315	9
900	297	12
903	297	12
909	297	12
913	297	12
37	297	9
688	297	9
623	297	9
903	83	12
37	83	9
688	83	9
623	83	9
900	249	12
902	249	12
903	249	12
908	249	12
37	249	9
688	249	9
623	249	9
900	206	12
955	206	12
984	206	12
37	206	9
36	206	9
623	206	9
900	530	12
37	530	9
623	530	9
900	296	12
902	296	12
37	296	9
688	296	9
623	296	9
933	862	12
955	862	12
977	862	12
37	862	9
559	862	9
623	862	9
900	198	12
911	198	12
37	198	9
623	198	9
900	298	12
913	298	12
927	298	12
941	298	12
37	298	9
678	298	9
688	298	9
623	298	9
955	43	12
984	43	12
37	43	9
36	43	9
623	43	9
900	399	12
933	399	12
944	399	12
902	399	12
37	399	9
688	399	9
623	399	9
900	339	12
902	339	12
913	339	12
37	339	9
688	339	9
623	339	9
933	853	12
903	853	12
909	853	12
913	853	12
37	853	9
688	853	9
623	853	9
955	781	12
901	781	12
37	781	9
678	781	9
641	781	9
688	781	9
623	781	9
900	232	12
902	232	12
903	232	12
908	232	12
37	232	9
688	232	9
623	232	9
900	442	12
955	442	12
966	442	12
913	442	12
917	442	12
918	442	12
919	442	12
37	442	9
598	442	9
688	442	9
623	442	9
902	103	12
913	103	12
914	103	12
915	103	12
916	103	12
917	103	12
919	103	12
37	103	9
688	103	9
623	103	9
955	67	12
966	67	12
984	67	12
37	67	9
36	67	9
598	67	9
900	313	12
902	313	12
37	313	9
688	313	9
623	313	9
933	849	12
955	849	12
966	849	12
37	849	9
598	849	9
623	849	9
900	361	12
903	361	12
909	361	12
913	361	12
37	361	9
688	361	9
623	361	9
900	173	12
903	173	12
909	173	12
913	173	12
37	173	9
688	173	9
623	173	9
900	151	12
913	151	12
37	151	9
688	151	9
623	151	9
911	78	12
955	78	12
977	78	12
37	78	9
559	78	9
623	78	9
900	210	12
903	210	12
37	210	9
688	210	9
623	210	9
900	433	12
955	433	12
966	433	12
903	433	12
909	433	12
913	433	12
37	433	9
598	433	9
688	433	9
623	433	9
37	886	9
623	886	9
933	794	12
955	794	12
977	794	12
37	794	9
559	794	9
623	794	9
900	140	12
933	140	12
902	140	12
903	140	12
908	140	12
909	140	12
913	140	12
37	140	9
688	140	9
623	140	9
900	129	12
903	129	12
37	129	9
688	129	9
623	129	9
900	457	12
913	457	12
959	457	12
37	457	9
732	457	9
688	457	9
623	457	9
900	408	12
949	408	12
37	408	9
678	408	9
623	408	9
900	180	12
925	180	12
927	180	12
37	180	9
678	180	9
623	180	9
955	824	12
977	824	12
913	824	12
37	824	9
559	824	9
688	824	9
623	824	9
900	291	12
925	291	12
926	291	12
927	291	12
37	291	9
678	291	9
623	291	9
900	201	12
37	201	9
623	201	9
900	207	12
37	207	9
623	207	9
900	493	12
913	493	12
37	493	9
688	493	9
623	493	9
900	429	12
903	429	12
909	429	12
913	429	12
950	429	12
37	429	9
678	429	9
688	429	9
623	429	9
933	806	12
902	806	12
903	806	12
904	806	12
37	806	9
688	806	9
623	806	9
37	885	9
623	885	9
955	66	12
977	66	12
37	66	9
559	66	9
623	66	9
900	148	12
903	148	12
909	148	12
913	148	12
37	148	9
688	148	9
623	148	9
955	74	12
977	74	12
927	74	12
946	74	12
37	74	9
678	74	9
559	74	9
688	74	9
956	96	12
37	96	9
732	96	9
688	96	9
623	96	9
900	538	12
933	538	12
902	538	12
37	538	9
688	538	9
623	538	9
900	532	12
933	532	12
902	532	12
37	532	9
688	532	9
623	532	9
902	867	12
903	867	12
925	867	12
926	867	12
927	867	12
37	867	9
678	867	9
688	867	9
623	867	9
903	866	12
925	866	12
926	866	12
927	866	12
37	866	9
678	866	9
688	866	9
623	866	9
900	275	12
903	275	12
37	275	9
688	275	9
623	275	9
900	310	12
925	310	12
926	310	12
927	310	12
37	310	9
678	310	9
623	310	9
900	234	12
903	234	12
909	234	12
913	234	12
37	234	9
688	234	9
623	234	9
900	526	12
933	526	12
925	526	12
926	526	12
927	526	12
37	526	9
678	526	9
623	526	9
900	294	12
955	294	12
901	294	12
37	294	9
641	294	9
623	294	9
955	51	12
966	51	12
977	51	12
37	51	9
598	51	9
559	51	9
900	453	12
913	453	12
37	453	9
691	453	9
688	453	9
623	453	9
933	802	12
955	802	12
977	802	12
37	802	9
559	802	9
623	802	9
900	509	12
37	509	9
623	509	9
900	238	12
37	238	9
623	238	9
900	376	12
955	376	12
977	376	12
913	376	12
949	376	12
37	376	9
732	376	9
559	376	9
691	376	9
678	376	9
688	376	9
623	376	9
955	52	12
966	52	12
977	52	12
37	52	9
598	52	9
559	52	9
623	52	9
911	105	12
37	105	9
623	105	9
900	301	12
955	301	12
901	301	12
37	301	9
641	301	9
623	301	9
900	445	12
913	445	12
916	445	12
917	445	12
918	445	12
919	445	12
37	445	9
688	445	9
623	445	9
900	283	12
37	283	9
623	283	9
900	482	12
913	482	12
927	482	12
941	482	12
37	482	9
678	482	9
688	482	9
623	482	9
900	203	12
911	203	12
37	203	9
623	203	9
900	507	12
37	507	9
678	507	9
623	507	9
900	454	12
955	454	12
977	454	12
902	454	12
913	454	12
37	454	9
691	454	9
559	454	9
688	454	9
623	454	9
37	91	9
623	91	9
900	125	12
911	125	12
902	125	12
37	125	9
688	125	9
623	125	9
900	188	12
933	188	12
37	188	9
623	188	9
900	159	12
37	159	9
623	159	9
900	156	12
903	156	12
37	156	9
688	156	9
623	156	9
900	312	12
925	312	12
927	312	12
37	312	9
678	312	9
623	312	9
900	320	12
951	320	12
37	320	9
732	320	9
623	320	9
955	873	12
977	873	12
913	873	12
37	873	9
559	873	9
688	873	9
623	873	9
900	459	12
933	459	12
955	459	12
977	459	12
902	459	12
903	459	12
904	459	12
913	459	12
37	459	9
559	459	9
688	459	9
623	459	9
925	86	12
926	86	12
927	86	12
37	86	9
678	86	9
623	86	9
955	69	12
966	69	12
977	69	12
37	69	9
598	69	9
559	69	9
623	69	9
900	439	12
933	439	12
903	439	12
909	439	12
913	439	12
927	439	12
946	439	12
37	439	9
678	439	9
688	439	9
623	439	9
900	143	12
903	143	12
949	143	12
37	143	9
678	143	9
688	143	9
623	143	9
900	118	12
922	118	12
37	118	9
623	118	9
900	282	12
903	282	12
904	282	12
37	282	9
688	282	9
623	282	9
900	213	12
902	213	12
903	213	12
908	213	12
37	213	9
688	213	9
623	213	9
955	65	12
977	65	12
37	65	9
559	65	9
623	65	9
900	534	12
933	534	12
37	534	9
623	534	9
37	37	9
623	37	9
933	845	12
944	845	12
955	845	12
977	845	12
37	845	9
559	845	9
623	845	9
900	202	12
37	202	9
623	202	9
900	551	12
952	551	12
37	551	9
732	551	9
623	551	9
949	889	12
37	889	9
678	889	9
623	889	9
900	308	12
955	308	12
977	308	12
37	308	9
559	308	9
623	308	9
900	494	12
913	494	12
37	494	9
688	494	9
623	494	9
900	518	12
933	518	12
902	518	12
913	518	12
37	518	9
688	518	9
623	518	9
911	104	12
955	104	12
977	104	12
37	104	9
559	104	9
623	104	9
900	541	12
933	541	12
37	541	9
623	541	9
900	174	12
903	174	12
909	174	12
913	174	12
37	174	9
688	174	9
623	174	9
900	365	12
933	365	12
902	365	12
903	365	12
909	365	12
913	365	12
37	365	9
688	365	9
623	365	9
900	373	12
913	373	12
37	373	9
688	373	9
623	373	9
900	305	12
903	305	12
909	305	12
913	305	12
37	305	9
688	305	9
623	305	9
900	348	12
933	348	12
944	348	12
902	348	12
37	348	9
688	348	9
623	348	9
900	204	12
911	204	12
37	204	9
623	204	9
955	58	12
977	58	12
37	58	9
559	58	9
623	58	9
900	217	12
37	217	9
623	217	9
900	514	12
37	514	9
623	514	9
900	539	12
949	539	12
37	539	9
678	539	9
623	539	9
900	441	12
955	441	12
966	441	12
977	441	12
913	441	12
37	441	9
598	441	9
559	441	9
688	441	9
623	441	9
900	372	12
903	372	12
909	372	12
913	372	12
37	372	9
688	372	9
623	372	9
900	465	12
933	465	12
913	465	12
925	465	12
926	465	12
927	465	12
37	465	9
678	465	9
688	465	9
623	465	9
903	820	12
904	820	12
949	820	12
37	820	9
678	820	9
688	820	9
623	820	9
900	218	12
902	218	12
37	218	9
688	218	9
623	218	9
900	401	12
933	401	12
944	401	12
955	401	12
977	401	12
903	401	12
913	401	12
923	401	12
37	401	9
678	401	9
559	401	9
688	401	9
623	401	9
900	562	12
37	562	9
678	562	9
623	562	9
900	452	12
913	452	12
917	452	12
919	452	12
37	452	9
688	452	9
623	452	9
900	221	12
902	221	12
37	221	9
688	221	9
623	221	9
900	284	12
903	284	12
37	284	9
688	284	9
623	284	9
955	55	12
977	55	12
984	55	12
37	55	9
36	55	9
559	55	9
623	55	9
933	850	12
955	850	12
901	850	12
37	850	9
641	850	9
623	850	9
900	196	12
911	196	12
903	196	12
37	196	9
688	196	9
623	196	9
900	351	12
955	351	12
901	351	12
37	351	9
641	351	9
623	351	9
900	347	12
933	347	12
944	347	12
902	347	12
913	347	12
37	347	9
688	347	9
623	347	9
900	154	12
955	154	12
984	154	12
37	154	9
36	154	9
623	154	9
900	520	12
933	520	12
955	520	12
984	520	12
37	520	9
36	520	9
623	520	9
933	810	12
902	810	12
942	810	12
37	810	9
678	810	9
688	810	9
623	810	9
900	473	12
956	473	12
37	473	9
732	473	9
688	473	9
623	473	9
900	400	12
933	400	12
944	400	12
902	400	12
37	400	9
688	400	9
623	400	9
900	199	12
911	199	12
902	199	12
37	199	9
688	199	9
623	199	9
933	809	12
955	809	12
984	809	12
37	809	9
36	809	9
623	809	9
900	461	12
933	461	12
955	461	12
977	461	12
902	461	12
903	461	12
908	461	12
913	461	12
37	461	9
559	461	9
688	461	9
623	461	9
900	194	12
911	194	12
37	194	9
623	194	9
900	117	12
37	117	9
623	117	9
900	471	12
933	471	12
913	471	12
37	471	9
688	471	9
623	471	9
900	386	12
952	386	12
37	386	9
732	386	9
623	386	9
942	819	12
949	819	12
37	819	9
678	819	9
623	819	9
933	797	12
955	797	12
977	797	12
902	797	12
37	797	9
559	797	9
688	797	9
623	797	9
900	468	12
933	468	12
913	468	12
37	468	9
688	468	9
623	468	9
900	517	12
933	517	12
902	517	12
37	517	9
688	517	9
623	517	9
933	812	12
955	812	12
977	812	12
37	812	9
559	812	9
623	812	9
955	70	12
966	70	12
977	70	12
37	70	9
598	70	9
559	70	9
623	70	9
900	241	12
911	241	12
37	241	9
623	241	9
933	793	12
955	793	12
977	793	12
37	793	9
559	793	9
623	793	9
900	258	12
922	258	12
37	258	9
623	258	9
900	281	12
903	281	12
37	281	9
688	281	9
623	281	9
933	847	12
955	847	12
977	847	12
37	847	9
559	847	9
623	847	9
900	421	12
933	421	12
913	421	12
927	421	12
37	421	9
678	421	9
688	421	9
623	421	9
900	255	12
903	255	12
904	255	12
37	255	9
688	255	9
623	255	9
933	855	12
913	855	12
37	855	9
688	855	9
623	855	9
903	84	12
37	84	9
688	84	9
623	84	9
900	322	12
927	322	12
946	322	12
37	322	9
678	322	9
688	322	9
623	322	9
903	893	12
904	893	12
949	893	12
37	893	9
678	893	9
688	893	9
623	893	9
955	59	12
977	59	12
913	59	12
37	59	9
559	59	9
688	59	9
623	59	9
900	397	12
927	397	12
946	397	12
37	397	9
678	397	9
688	397	9
623	397	9
955	821	12
977	821	12
949	821	12
37	821	9
678	821	9
559	821	9
623	821	9
900	116	12
955	116	12
984	116	12
37	116	9
36	116	9
623	116	9
900	431	12
902	431	12
37	431	9
688	431	9
623	431	9
900	272	12
903	272	12
904	272	12
37	272	9
688	272	9
623	272	9
933	792	12
955	792	12
977	792	12
37	792	9
559	792	9
623	792	9
933	832	12
925	832	12
926	832	12
927	832	12
946	832	12
37	832	9
678	832	9
688	832	9
623	832	9
900	424	12
927	424	12
37	424	9
678	424	9
623	424	9
900	278	12
903	278	12
904	278	12
37	278	9
688	278	9
623	278	9
933	857	12
927	857	12
946	857	12
37	857	9
678	857	9
688	857	9
623	857	9
900	488	12
903	488	12
37	488	9
688	488	9
623	488	9
902	72	12
913	72	12
914	72	12
915	72	12
916	72	12
917	72	12
919	72	12
37	72	9
688	72	9
623	72	9
900	411	12
955	411	12
966	411	12
37	411	9
598	411	9
623	411	9
900	475	12
954	475	12
37	475	9
732	475	9
688	475	9
623	475	9
913	878	12
37	878	9
688	878	9
623	878	9
900	545	12
933	545	12
925	545	12
926	545	12
927	545	12
37	545	9
678	545	9
623	545	9
900	243	12
955	243	12
984	243	12
37	243	9
36	243	9
623	243	9
900	286	12
902	286	12
37	286	9
688	286	9
623	286	9
900	553	12
949	553	12
37	553	9
678	553	9
623	553	9
911	38	12
955	38	12
977	38	12
37	38	9
559	38	9
900	146	12
955	146	12
984	146	12
37	146	9
36	146	9
623	146	9
911	107	12
933	107	12
37	107	9
623	107	9
900	398	12
933	398	12
944	398	12
37	398	9
623	398	9
900	549	12
949	549	12
37	549	9
678	549	9
623	549	9
900	448	12
913	448	12
917	448	12
918	448	12
919	448	12
37	448	9
688	448	9
623	448	9
37	864	9
623	864	9
900	133	12
903	133	12
923	133	12
37	133	9
678	133	9
688	133	9
623	133	9
900	458	12
913	458	12
37	458	9
732	458	9
688	458	9
623	458	9
955	49	12
977	49	12
37	49	9
559	49	9
623	49	9
900	435	12
903	435	12
909	435	12
913	435	12
37	435	9
688	435	9
623	435	9
900	267	12
955	267	12
984	267	12
37	267	9
36	267	9
623	267	9
900	273	12
955	273	12
984	273	12
37	273	9
36	273	9
623	273	9
955	877	12
977	877	12
913	877	12
37	877	9
559	877	9
688	877	9
623	877	9
900	443	12
913	443	12
917	443	12
918	443	12
919	443	12
942	443	12
37	443	9
678	443	9
688	443	9
623	443	9
900	392	12
955	392	12
977	392	12
37	392	9
559	392	9
623	392	9
900	299	12
933	299	12
944	299	12
37	299	9
623	299	9
900	462	12
933	462	12
955	462	12
977	462	12
902	462	12
903	462	12
904	462	12
913	462	12
37	462	9
559	462	9
688	462	9
623	462	9
933	801	12
955	801	12
966	801	12
37	801	9
598	801	9
623	801	9
933	848	12
944	848	12
37	848	9
678	848	9
623	848	9
925	880	12
926	880	12
927	880	12
37	880	9
678	880	9
623	880	9
900	362	12
903	362	12
909	362	12
913	362	12
37	362	9
688	362	9
623	362	9
900	130	12
903	130	12
37	130	9
688	130	9
623	130	9
37	827	9
678	827	9
623	827	9
933	800	12
955	800	12
966	800	12
902	800	12
903	800	12
908	800	12
37	800	9
598	800	9
688	800	9
623	800	9
900	200	12
37	200	9
623	200	9
902	87	12
37	87	9
688	87	9
623	87	9
900	420	12
911	420	12
927	420	12
37	420	9
678	420	9
623	420	9
933	817	12
955	817	12
966	817	12
902	817	12
37	817	9
598	817	9
688	817	9
623	817	9
933	831	12
955	831	12
977	831	12
925	831	12
926	831	12
927	831	12
37	831	9
678	831	9
559	831	9
623	831	9
900	515	12
933	515	12
37	515	9
623	515	9
900	404	12
933	404	12
944	404	12
37	404	9
623	404	9
900	489	12
911	489	12
903	489	12
37	489	9
688	489	9
623	489	9
933	861	12
37	861	9
623	861	9
900	536	12
933	536	12
902	536	12
37	536	9
688	536	9
623	536	9
900	455	12
933	455	12
913	455	12
927	455	12
946	455	12
37	455	9
732	455	9
691	455	9
678	455	9
688	455	9
623	455	9
900	378	12
933	378	12
913	378	12
927	378	12
946	378	12
37	378	9
732	378	9
691	378	9
678	378	9
688	378	9
623	378	9
900	354	12
933	354	12
955	354	12
966	354	12
925	354	12
926	354	12
927	354	12
946	354	12
37	354	9
678	354	9
598	354	9
688	354	9
623	354	9
900	476	12
952	476	12
37	476	9
732	476	9
623	476	9
900	486	12
933	486	12
902	486	12
903	486	12
908	486	12
37	486	9
688	486	9
623	486	9
902	85	12
37	85	9
688	85	9
623	85	9
900	250	12
903	250	12
909	250	12
913	250	12
37	250	9
688	250	9
623	250	9
900	229	12
911	229	12
37	229	9
623	229	9
900	483	12
933	483	12
955	483	12
966	483	12
902	483	12
903	483	12
908	483	12
37	483	9
598	483	9
688	483	9
623	483	9
900	330	12
933	330	12
927	330	12
946	330	12
956	330	12
37	330	9
678	330	9
732	330	9
688	330	9
623	330	9
911	113	12
955	113	12
977	113	12
37	113	9
559	113	9
623	113	9
900	523	12
933	523	12
903	523	12
923	523	12
37	523	9
678	523	9
688	523	9
623	523	9
900	231	12
903	231	12
37	231	9
688	231	9
623	231	9
900	440	12
933	440	12
903	440	12
909	440	12
913	440	12
37	440	9
688	440	9
623	440	9
900	525	12
933	525	12
903	525	12
904	525	12
37	525	9
688	525	9
623	525	9
900	235	12
903	235	12
909	235	12
913	235	12
37	235	9
688	235	9
623	235	9
925	98	12
927	98	12
37	98	9
678	98	9
623	98	9
900	382	12
955	382	12
977	382	12
903	382	12
913	382	12
923	382	12
952	382	12
37	382	9
559	382	9
732	382	9
691	382	9
678	382	9
688	382	9
623	382	9
900	371	12
902	371	12
913	371	12
37	371	9
688	371	9
623	371	9
900	220	12
37	220	9
623	220	9
900	555	12
37	555	9
678	555	9
623	555	9
900	345	12
927	345	12
946	345	12
37	345	9
678	345	9
688	345	9
623	345	9
900	510	12
933	510	12
37	510	9
623	510	9
955	780	12
966	780	12
37	780	9
678	780	9
598	780	9
688	780	9
623	780	9
900	359	12
902	359	12
37	359	9
688	359	9
623	359	9
900	519	12
37	519	9
623	519	9
955	788	12
977	788	12
913	788	12
37	788	9
559	788	9
688	788	9
623	788	9
933	789	12
955	789	12
977	789	12
942	789	12
37	789	9
678	789	9
559	789	9
623	789	9
900	369	12
903	369	12
909	369	12
913	369	12
37	369	9
688	369	9
623	369	9
933	783	12
955	783	12
977	783	12
37	783	9
559	783	9
623	783	9
900	368	12
933	368	12
913	368	12
916	368	12
917	368	12
918	368	12
919	368	12
37	368	9
688	368	9
623	368	9
933	807	12
902	807	12
927	807	12
946	807	12
37	807	9
678	807	9
688	807	9
623	807	9
900	288	12
902	288	12
37	288	9
688	288	9
623	288	9
900	223	12
911	223	12
37	223	9
623	223	9
955	64	12
977	64	12
37	64	9
559	64	9
933	844	12
944	844	12
902	844	12
37	844	9
688	844	9
623	844	9
900	415	12
933	415	12
903	415	12
37	415	9
678	415	9
688	415	9
623	415	9
900	477	12
952	477	12
953	477	12
37	477	9
732	477	9
623	477	9
911	80	12
955	80	12
977	80	12
903	80	12
923	80	12
952	80	12
37	80	9
559	80	9
732	80	9
678	80	9
688	80	9
623	80	9
900	138	12
903	138	12
909	138	12
913	138	12
37	138	9
688	138	9
623	138	9
900	432	12
913	432	12
37	432	9
688	432	9
623	432	9
900	257	12
37	257	9
623	257	9
955	54	12
984	54	12
37	54	9
36	54	9
623	54	9
955	47	12
977	47	12
37	47	9
559	47	9
623	47	9
955	778	12
966	778	12
37	778	9
678	778	9
598	778	9
688	778	9
623	778	9
900	537	12
933	537	12
925	537	12
926	537	12
927	537	12
37	537	9
678	537	9
623	537	9
900	334	12
903	334	12
909	334	12
913	334	12
37	334	9
688	334	9
623	334	9
37	882	9
678	882	9
623	882	9
900	384	12
951	384	12
37	384	9
732	384	9
623	384	9
900	387	12
952	387	12
953	387	12
37	387	9
732	387	9
623	387	9
952	890	12
37	890	9
732	890	9
623	890	9
900	402	12
37	402	9
623	402	9
900	230	12
903	230	12
37	230	9
688	230	9
623	230	9
933	782	12
955	782	12
977	782	12
37	782	9
559	782	9
623	782	9
900	346	12
933	346	12
955	346	12
966	346	12
927	346	12
946	346	12
37	346	9
678	346	9
598	346	9
688	346	9
623	346	9
900	136	12
902	136	12
903	136	12
908	136	12
37	136	9
688	136	9
623	136	9
900	205	12
903	205	12
904	205	12
37	205	9
688	205	9
623	205	9
933	808	12
925	808	12
926	808	12
927	808	12
946	808	12
37	808	9
678	808	9
688	808	9
623	808	9
900	245	12
922	245	12
37	245	9
623	245	9
900	469	12
933	469	12
913	469	12
925	469	12
926	469	12
927	469	12
37	469	9
678	469	9
688	469	9
623	469	9
933	852	12
902	852	12
37	852	9
688	852	9
623	852	9
900	209	12
942	209	12
37	209	9
678	209	9
623	209	9
902	881	12
37	881	9
688	881	9
623	881	9
900	314	12
903	314	12
909	314	12
913	314	12
37	314	9
688	314	9
623	314	9
900	145	12
903	145	12
909	145	12
913	145	12
931	145	12
934	145	12
950	145	12
952	145	12
37	145	9
678	145	9
732	145	9
688	145	9
623	145	9
900	546	12
933	546	12
902	546	12
37	546	9
688	546	9
623	546	9
900	161	12
903	161	12
904	161	12
37	161	9
688	161	9
623	161	9
900	211	12
903	211	12
923	211	12
37	211	9
678	211	9
688	211	9
623	211	9
900	225	12
955	225	12
984	225	12
37	225	9
36	225	9
623	225	9
900	178	12
955	178	12
977	178	12
37	178	9
559	178	9
623	178	9
955	57	12
977	57	12
37	57	9
559	57	9
623	57	9
933	818	12
902	818	12
927	818	12
946	818	12
37	818	9
678	818	9
688	818	9
623	818	9
900	481	12
955	481	12
977	481	12
37	481	9
559	481	9
623	481	9
933	813	12
955	813	12
977	813	12
925	813	12
926	813	12
927	813	12
37	813	9
678	813	9
559	813	9
623	813	9
903	869	12
925	869	12
926	869	12
927	869	12
37	869	9
678	869	9
688	869	9
623	869	9
900	550	12
949	550	12
37	550	9
678	550	9
623	550	9
942	892	12
949	892	12
37	892	9
678	892	9
623	892	9
900	379	12
913	379	12
952	379	12
37	379	9
691	379	9
732	379	9
688	379	9
623	379	9
900	131	12
903	131	12
37	131	9
688	131	9
623	131	9
900	543	12
933	543	12
903	543	12
904	543	12
37	543	9
688	543	9
623	543	9
900	144	12
903	144	12
949	144	12
37	144	9
678	144	9
688	144	9
623	144	9
955	787	12
977	787	12
913	787	12
37	787	9
559	787	9
688	787	9
623	787	9
900	128	12
903	128	12
37	128	9
688	128	9
623	128	9
900	120	12
911	120	12
37	120	9
623	120	9
933	796	12
955	796	12
977	796	12
37	796	9
559	796	9
623	796	9
900	306	12
927	306	12
946	306	12
37	306	9
678	306	9
688	306	9
623	306	9
900	222	12
911	222	12
903	222	12
904	222	12
37	222	9
688	222	9
623	222	9
900	417	12
933	417	12
903	417	12
923	417	12
927	417	12
946	417	12
37	417	9
678	417	9
688	417	9
623	417	9
913	94	12
37	94	9
688	94	9
623	94	9
900	274	12
37	274	9
623	274	9
900	329	12
933	329	12
955	329	12
966	329	12
927	329	12
946	329	12
37	329	9
678	329	9
598	329	9
688	329	9
623	329	9
900	127	12
911	127	12
903	127	12
909	127	12
913	127	12
37	127	9
688	127	9
623	127	9
900	480	12
913	480	12
927	480	12
941	480	12
37	480	9
678	480	9
688	480	9
623	480	9
900	184	12
913	184	12
37	184	9
688	184	9
623	184	9
900	252	12
37	252	9
623	252	9
933	773	12
955	773	12
977	773	12
927	773	12
946	773	12
37	773	9
678	773	9
559	773	9
688	773	9
955	768	12
966	768	12
977	768	12
984	768	12
37	768	9
36	768	9
598	768	9
559	768	9
900	316	12
913	316	12
37	316	9
688	316	9
623	316	9
900	264	12
37	264	9
623	264	9
900	166	12
37	166	9
623	166	9
900	529	12
949	529	12
37	529	9
678	529	9
623	529	9
900	75	12
911	75	12
903	75	12
904	75	12
37	75	9
688	75	9
623	75	9
900	343	12
37	343	9
623	343	9
933	791	12
955	791	12
977	791	12
37	791	9
559	791	9
623	791	9
933	854	12
955	854	12
966	854	12
913	854	12
37	854	9
598	854	9
688	854	9
623	854	9
900	451	12
913	451	12
37	451	9
688	451	9
623	451	9
900	395	12
933	395	12
37	395	9
623	395	9
933	843	12
944	843	12
902	843	12
37	843	9
688	843	9
623	843	9
900	390	12
933	390	12
902	390	12
927	390	12
946	390	12
37	390	9
678	390	9
688	390	9
623	390	9
900	463	12
933	463	12
903	463	12
909	463	12
913	463	12
37	463	9
688	463	9
623	463	9
900	212	12
933	212	12
955	212	12
977	212	12
903	212	12
923	212	12
37	212	9
678	212	9
559	212	9
688	212	9
623	212	9
900	485	12
902	485	12
903	485	12
908	485	12
913	485	12
37	485	9
688	485	9
623	485	9
955	76	12
966	76	12
37	76	9
598	76	9
900	169	12
903	169	12
909	169	12
913	169	12
37	169	9
688	169	9
623	169	9
900	293	12
955	293	12
977	293	12
37	293	9
559	293	9
623	293	9
900	163	12
903	163	12
37	163	9
688	163	9
623	163	9
900	266	12
903	266	12
904	266	12
37	266	9
688	266	9
623	266	9
933	803	12
955	803	12
977	803	12
925	803	12
926	803	12
927	803	12
37	803	9
678	803	9
559	803	9
623	803	9
913	99	12
925	99	12
927	99	12
37	99	9
678	99	9
688	99	9
623	99	9
900	367	12
913	367	12
916	367	12
917	367	12
919	367	12
37	367	9
688	367	9
623	367	9
900	323	12
933	323	12
955	323	12
966	323	12
927	323	12
946	323	12
37	323	9
678	323	9
598	323	9
688	323	9
623	323	9
900	472	12
951	472	12
37	472	9
732	472	9
623	472	9
911	101	12
955	101	12
977	101	12
913	101	12
954	101	12
37	101	9
559	101	9
732	101	9
688	101	9
623	101	9
900	141	12
933	141	12
903	141	12
913	141	12
37	141	9
688	141	9
623	141	9
911	112	12
902	112	12
37	112	9
688	112	9
623	112	9
900	385	12
952	385	12
37	385	9
732	385	9
623	385	9
900	304	12
903	304	12
909	304	12
913	304	12
37	304	9
688	304	9
623	304	9
933	784	12
955	784	12
977	784	12
37	784	9
559	784	9
623	784	9
900	142	12
933	142	12
903	142	12
37	142	9
688	142	9
623	142	9
900	350	12
955	350	12
977	350	12
37	350	9
559	350	9
623	350	9
900	240	12
37	240	9
623	240	9
933	786	12
955	786	12
977	786	12
37	786	9
559	786	9
623	786	9
900	336	12
933	336	12
902	336	12
903	336	12
909	336	12
913	336	12
37	336	9
688	336	9
623	336	9
933	804	12
955	804	12
977	804	12
902	804	12
37	804	9
559	804	9
688	804	9
623	804	9
900	168	12
902	168	12
37	168	9
688	168	9
623	168	9
900	302	12
925	302	12
926	302	12
927	302	12
37	302	9
678	302	9
623	302	9
900	505	12
955	505	12
977	505	12
37	505	9
678	505	9
559	505	9
688	505	9
623	505	9
900	167	12
37	167	9
623	167	9
900	317	12
902	317	12
913	317	12
37	317	9
688	317	9
623	317	9
911	102	12
955	102	12
977	102	12
913	102	12
37	102	9
559	102	9
688	102	9
623	102	9
933	839	12
903	839	12
923	839	12
37	839	9
678	839	9
688	839	9
623	839	9
900	187	12
927	187	12
946	187	12
37	187	9
678	187	9
688	187	9
623	187	9
902	45	12
37	45	9
688	45	9
623	45	9
900	326	12
955	326	12
901	326	12
37	326	9
641	326	9
623	326	9
900	449	12
913	449	12
925	449	12
926	449	12
927	449	12
37	449	9
678	449	9
688	449	9
623	449	9
955	48	12
977	48	12
37	48	9
559	48	9
623	48	9
900	214	12
903	214	12
909	214	12
913	214	12
37	214	9
688	214	9
623	214	9
37	90	9
623	90	9
900	407	12
949	407	12
37	407	9
678	407	9
623	407	9
900	513	12
949	513	12
37	513	9
678	513	9
623	513	9
900	450	12
902	450	12
913	450	12
37	450	9
688	450	9
623	450	9
900	447	12
903	447	12
909	447	12
913	447	12
37	447	9
688	447	9
623	447	9
925	883	12
926	883	12
927	883	12
37	883	9
678	883	9
623	883	9
900	508	12
37	508	9
678	508	9
623	508	9
900	533	12
933	533	12
927	533	12
946	533	12
37	533	9
678	533	9
688	533	9
623	533	9
955	56	12
977	56	12
37	56	9
559	56	9
623	56	9
900	132	12
903	132	12
913	132	12
927	132	12
941	132	12
37	132	9
678	132	9
688	132	9
623	132	9
900	153	12
933	153	12
37	153	9
623	153	9
900	262	12
903	262	12
909	262	12
913	262	12
37	262	9
688	262	9
623	262	9
900	479	12
955	479	12
966	479	12
902	479	12
37	479	9
598	479	9
688	479	9
623	479	9
900	256	12
955	256	12
984	256	12
37	256	9
36	256	9
623	256	9
900	271	12
911	271	12
37	271	9
623	271	9
900	197	12
911	197	12
903	197	12
37	197	9
688	197	9
623	197	9
900	181	12
902	181	12
37	181	9
688	181	9
623	181	9
900	295	12
925	295	12
926	295	12
927	295	12
37	295	9
678	295	9
623	295	9
913	61	12
927	61	12
941	61	12
37	61	9
678	61	9
688	61	9
623	61	9
900	516	12
933	516	12
902	516	12
37	516	9
688	516	9
623	516	9
900	303	12
902	303	12
37	303	9
688	303	9
623	303	9
900	342	12
902	342	12
37	342	9
688	342	9
623	342	9
900	321	12
37	321	9
623	321	9
900	484	12
933	484	12
944	484	12
902	484	12
903	484	12
908	484	12
37	484	9
688	484	9
623	484	9
900	364	12
903	364	12
909	364	12
913	364	12
952	364	12
37	364	9
691	364	9
732	364	9
688	364	9
623	364	9
900	528	12
933	528	12
902	528	12
37	528	9
688	528	9
623	528	9
900	512	12
933	512	12
955	512	12
977	512	12
902	512	12
37	512	9
559	512	9
688	512	9
623	512	9
900	239	12
911	239	12
37	239	9
623	239	9
900	338	12
913	338	12
37	338	9
688	338	9
623	338	9
900	490	12
902	490	12
37	490	9
688	490	9
623	490	9
900	357	12
925	357	12
927	357	12
952	357	12
37	357	9
678	357	9
732	357	9
623	357	9
900	165	12
37	165	9
623	165	9
900	248	12
903	248	12
37	248	9
688	248	9
623	248	9
900	311	12
903	311	12
952	311	12
967	311	12
37	311	9
678	311	9
732	311	9
688	311	9
623	311	9
900	265	12
911	265	12
37	265	9
623	265	9
900	185	12
903	185	12
909	185	12
913	185	12
37	185	9
688	185	9
623	185	9
900	192	12
903	192	12
909	192	12
913	192	12
916	192	12
917	192	12
919	192	12
37	192	9
688	192	9
623	192	9
955	779	12
977	779	12
37	779	9
678	779	9
559	779	9
688	779	9
623	779	9
900	124	12
911	124	12
933	124	12
37	124	9
623	124	9
900	219	12
37	219	9
623	219	9
900	319	12
913	319	12
927	319	12
941	319	12
37	319	9
678	319	9
688	319	9
623	319	9
933	837	12
955	837	12
984	837	12
37	837	9
36	837	9
623	837	9
900	189	12
955	189	12
977	189	12
37	189	9
559	189	9
623	189	9
900	123	12
911	123	12
903	123	12
904	123	12
37	123	9
688	123	9
623	123	9
900	547	12
933	547	12
927	547	12
946	547	12
37	547	9
678	547	9
688	547	9
623	547	9
900	290	12
955	290	12
901	290	12
37	290	9
641	290	9
623	290	9
37	825	9
623	825	9
900	300	12
955	300	12
977	300	12
37	300	9
559	300	9
623	300	9
900	172	12
903	172	12
909	172	12
913	172	12
37	172	9
688	172	9
623	172	9
900	216	12
37	216	9
623	216	9
933	814	12
925	814	12
926	814	12
927	814	12
946	814	12
37	814	9
678	814	9
688	814	9
623	814	9
900	436	12
903	436	12
909	436	12
913	436	12
942	436	12
37	436	9
678	436	9
688	436	9
623	436	9
900	464	12
933	464	12
913	464	12
925	464	12
926	464	12
927	464	12
37	464	9
678	464	9
688	464	9
623	464	9
900	176	12
933	176	12
944	176	12
37	176	9
623	176	9
933	858	12
955	858	12
977	858	12
37	858	9
559	858	9
623	858	9
900	413	12
925	413	12
926	413	12
927	413	12
37	413	9
678	413	9
623	413	9
933	833	12
955	833	12
977	833	12
902	833	12
37	833	9
559	833	9
688	833	9
623	833	9
903	868	12
925	868	12
926	868	12
927	868	12
37	868	9
678	868	9
688	868	9
623	868	9
911	42	12
955	42	12
977	42	12
37	42	9
559	42	9
623	42	9
900	247	12
903	247	12
37	247	9
688	247	9
623	247	9
913	63	12
927	63	12
941	63	12
37	63	9
678	63	9
688	63	9
623	63	9
933	834	12
955	834	12
966	834	12
902	834	12
37	834	9
598	834	9
688	834	9
623	834	9
900	506	12
903	506	12
909	506	12
913	506	12
927	506	12
950	506	12
37	506	9
678	506	9
688	506	9
623	506	9
911	114	12
933	114	12
37	114	9
623	114	9
900	375	12
913	375	12
37	375	9
691	375	9
688	375	9
623	375	9
955	53	12
966	53	12
902	53	12
37	53	9
598	53	9
688	53	9
623	53	9
900	318	12
902	318	12
913	318	12
37	318	9
688	318	9
623	318	9
900	332	12
902	332	12
37	332	9
688	332	9
623	332	9
900	542	12
933	542	12
37	542	9
623	542	9
900	147	12
37	147	9
623	147	9
900	227	12
922	227	12
37	227	9
623	227	9
903	865	12
923	865	12
935	865	12
37	865	9
678	865	9
688	865	9
623	865	9
900	309	12
955	309	12
901	309	12
37	309	9
641	309	9
623	309	9
900	527	12
933	527	12
902	527	12
37	527	9
688	527	9
623	527	9
900	179	12
955	179	12
901	179	12
37	179	9
641	179	9
623	179	9
900	470	12
933	470	12
902	470	12
913	470	12
37	470	9
688	470	9
623	470	9
911	82	12
37	82	9
623	82	9
900	491	12
955	491	12
966	491	12
902	491	12
37	491	9
598	491	9
688	491	9
623	491	9
900	327	12
925	327	12
926	327	12
927	327	12
37	327	9
678	327	9
623	327	9
933	836	12
902	836	12
927	836	12
946	836	12
37	836	9
678	836	9
688	836	9
623	836	9
900	540	12
37	540	9
623	540	9
933	772	12
955	772	12
977	772	12
37	772	9
559	772	9
900	253	12
911	253	12
903	253	12
904	253	12
37	253	9
688	253	9
623	253	9
900	269	12
922	269	12
37	269	9
623	269	9
900	377	12
913	377	12
37	377	9
732	377	9
691	377	9
678	377	9
688	377	9
623	377	9
900	276	12
903	276	12
909	276	12
913	276	12
37	276	9
688	276	9
623	276	9
925	92	12
927	92	12
37	92	9
678	92	9
623	92	9
933	811	12
902	811	12
903	811	12
904	811	12
37	811	9
688	811	9
623	811	9
900	289	12
955	289	12
977	289	12
37	289	9
559	289	9
623	289	9
913	100	12
37	100	9
688	100	9
623	100	9
